     0.0000000      1.0000000      0.0000000      0.0000000      0.0000000
     0.9999655      0.8333333      0.1666667      0.0000000      0.0000000
     2.0001605      0.7232419      0.2767569      0.0000000      0.0000013
     2.9996982      0.6979376      0.3020603      0.0000000      0.0000021
     4.0000434      0.6653755      0.3346142      0.0000000      0.0000103
     4.9994764      0.8304849      0.1693362      0.0001587      0.0000202
     6.0000596      0.7710166      0.2265942      0.0023828      0.0000065
     7.0003757      0.3538815      0.6342416      0.0118757      0.0000011
     7.9995975      0.0261017      0.9375631      0.0363353      0.0000000
     9.0003223      0.0011946      0.9463186      0.0524868      0.0000000
    10.0005159      0.0000000      0.9582525      0.0417474      0.0000000
    11.0045881      0.0000000      0.9468036      0.0531964      0.0000000
    12.0171604      0.0000000      0.9079171      0.0920829      0.0000000
    13.0343180      0.0000000      0.8511931      0.1488069      0.0000000
    14.0344582      0.0000000      0.7790838      0.2209163      0.0000000
    15.0185633      0.0000000      0.8255537      0.1744464      0.0000000
    16.0048161      0.0000000      0.9217259      0.0782740      0.0000000
    17.0017872      0.0000000      0.8639033      0.1360967      0.0000000
    18.0001316      0.0000000      0.6623230      0.3376771      0.0000000
    19.0001469      0.0000000      0.2991116      0.7008884      0.0000000
    20.0002117      0.0000000      0.0421632      0.9566977      0.0011391
    21.0006962      0.0000000      0.0056831      0.9931229      0.0011940
    21.9998989      0.0000000      0.0019491      0.9932402      0.0048107
    23.0005302      0.0000000      0.0000000      0.9924486      0.0075514
    23.9979973      0.0000000      0.0000000      0.9669116      0.0330884
    24.9984074      0.0000000      0.0000000      0.9450846      0.0549154
    25.9941254      0.0000000      0.0000000      0.8987400      0.1012600
    26.9930344      0.0000000      0.0000000      0.8534506      0.1465494
    27.9882526      0.0000000      0.0000000      0.8307403      0.1692597
    28.9814053      0.0000000      0.0000000      0.8349894      0.1650106
    29.9871407      0.0000000      0.0000000      0.8405510      0.1594491
    30.9853153      0.0000000      0.0000000      0.8622973      0.1377026
    31.9950600      0.0000000      0.0000000      0.8827366      0.1172634
    32.9981003      0.0000000      0.0000000      0.9064870      0.0935129
    34.0003777      0.0000000      0.0000000      0.9171096      0.0828904
    35.0007515      0.0000000      0.0000000      0.9186518      0.0813481
    35.9989319      0.0000000      0.0000000      0.8813479      0.1186522
    37.0010757      0.0000000      0.0000000      0.7863972      0.2136028
    37.9993782      0.0000000      0.0000000      0.6681234      0.3318765
    39.0008736      0.0000000      0.0000000      0.5253552      0.4746448
    39.9980049      0.0000000      0.0000000      0.3983500      0.6016499
    40.9987679      0.0000000      0.0000000      0.2845753      0.7154247
    42.0019417      0.0000000      0.0000000      0.1854439      0.8145561
    43.0055199      0.0000000      0.0000000      0.1151372      0.8848628
    43.9996452      0.0000000      0.0000000      0.0714273      0.9285727
    45.0017319      0.0000000      0.0000000      0.0427533      0.9572467
    46.0013466      0.0000000      0.0000000      0.0239759      0.9760242
    47.0014572      0.0000000      0.0000000      0.0124276      0.9875724
    47.9999886      0.0000000      0.0000000      0.0045509      0.9954491
    48.9975014      0.0000000      0.0000000      0.0025788      0.9974211
    50.0004883      0.0000000      0.0000000      0.0014502      0.9985498
    50.9984589      0.0000000      0.0000000      0.0003017      0.9996984
    51.9977264      0.0000000      0.0000000      0.0000000      1.0000000
    52.9949684      0.0000000      0.0000000      0.0000000      1.0000000
    53.9974556      0.0000000      0.0000000      0.0000000      1.0000000
    54.9988747      0.0000000      0.0000000      0.0000000      1.0000000
    55.9857101      0.0000000      0.0000000      0.0000000      1.0000000
    56.9742165      0.0000000      0.0000000      0.0000000      1.0000000
    57.9693184      0.0000000      0.0000000      0.0000000      1.0000000
    58.9699135      0.0000000      0.0000000      0.0000000      1.0000000
    60.0000000      0.0000000      0.0000000      0.0000000      1.0000000
