     0.0000000      1.0000000      0.0000000      0.0000000      0.0000000
     0.9999537      0.8359375      0.1640625      0.0000000      0.0000000
     2.0000532      0.7111055      0.2888940      0.0000000      0.0000005
     3.0003262      0.6866000      0.3133987      0.0000000      0.0000012
     4.0000463      0.6722705      0.3277193      0.0000000      0.0000102
     4.9997554      0.8495034      0.1504279      0.0000462      0.0000225
     6.0004110      0.7748841      0.2225009      0.0026093      0.0000057
     7.0002637      0.3555419      0.6339223      0.0105346      0.0000012
     7.9994392      0.0301622      0.9344450      0.0353928      0.0000000
     9.0009871      0.0065550      0.9416111      0.0518339      0.0000000
    10.0000830      0.0000000      0.9577354      0.0422645      0.0000000
    11.0029392      0.0000000      0.9520410      0.0479590      0.0000000
    12.0188808      0.0000000      0.9102971      0.0897029      0.0000000
    13.0338955      0.0000000      0.8573962      0.1426038      0.0000000
    14.0347452      0.0000000      0.8062324      0.1937677      0.0000000
    15.0186701      0.0000000      0.8209932      0.1790068      0.0000000
    16.0060101      0.0000000      0.9136422      0.0863578      0.0000000
    17.0009689      0.0000000      0.8670478      0.1329522      0.0000000
    18.0001736      0.0000000      0.6751298      0.3248703      0.0000000
    19.0013866      0.0000000      0.2458211      0.7541789      0.0000000
    19.9998512      0.0000000      0.0577464      0.9422536      0.0000000
    21.0013504      0.0000000      0.0057961      0.9941809      0.0000229
    21.9996872      0.0000000      0.0015924      0.9958387      0.0025689
    22.9996567      0.0000000      0.0004214      0.9884787      0.0111000
    23.9994411      0.0000000      0.0000000      0.9605202      0.0394797
    24.9973679      0.0000000      0.0000000      0.9320348      0.0679652
    25.9944935      0.0000000      0.0000000      0.8973593      0.1026407
    26.9921284      0.0000000      0.0000000      0.8603254      0.1396746
    27.9810047      0.0000000      0.0000000      0.8355277      0.1644723
    28.9834194      0.0000000      0.0000000      0.8333886      0.1666115
    29.9895916      0.0000000      0.0000000      0.8432156      0.1567844
    30.9877357      0.0000000      0.0000000      0.8628476      0.1371524
    31.9916573      0.0000000      0.0000000      0.8853923      0.1146077
    32.9973106      0.0000000      0.0000000      0.9030775      0.0969225
    33.9993324      0.0000000      0.0000000      0.9175031      0.0824969
    34.9965134      0.0000000      0.0000000      0.9023045      0.0976955
    35.9992104      0.0000000      0.0000000      0.8795723      0.1204278
    37.0005646      0.0000000      0.0000000      0.7875852      0.2124148
    38.0023689      0.0000000      0.0000000      0.6664439      0.3335560
    39.0001488      0.0000000      0.0000000      0.5238351      0.4761648
    39.9990005      0.0000000      0.0000000      0.4039378      0.5960622
    40.9991035      0.0000000      0.0000000      0.2824473      0.7175527
    41.9957466      0.0000000      0.0000000      0.1804046      0.8195954
    42.9982643      0.0000000      0.0000000      0.1206612      0.8793387
    44.0000343      0.0000000      0.0000000      0.0713088      0.9286912
    45.0003052      0.0000000      0.0000000      0.0451365      0.9548635
    46.0084229      0.0000000      0.0000000      0.0208623      0.9791377
    47.0015221      0.0000000      0.0000000      0.0135379      0.9864621
    47.9980278      0.0000000      0.0000000      0.0054350      0.9945650
    48.9963799      0.0000000      0.0000000      0.0017498      0.9982501
    49.9949493      0.0000000      0.0000000      0.0005122      0.9994878
    50.9982758      0.0000000      0.0000000      0.0001066      0.9998934
    52.0006332      0.0000000      0.0000000      0.0000000      1.0000000
    52.9988899      0.0000000      0.0000000      0.0000000      1.0000000
    53.9995232      0.0000000      0.0000000      0.0000000      1.0000000
    54.9951935      0.0000000      0.0000000      0.0000000      1.0000000
    55.9832230      0.0000000      0.0000000      0.0000000      1.0000000
    56.9699173      0.0000000      0.0000000      0.0000000      1.0000000
    57.9693031      0.0000000      0.0000000      0.0000000      1.0000000
    58.9708900      0.0000000      0.0000000      0.0000000      1.0000000
    60.0000000      0.0000000      0.0000000      0.0000000      1.0000000
