     0.0000000      1.0000000      0.0000000      0.0000000      0.0000000
     1.0000603      0.8333333      0.1666667      0.0000000      0.0000000
     1.9998947      0.7090698      0.2909290      0.0000000      0.0000011
     3.0000710      0.6844524      0.3155465      0.0000000      0.0000012
     3.9999628      0.6837344      0.3162547      0.0000000      0.0000109
     4.9997683      0.8481384      0.1518061      0.0000354      0.0000201
     5.9998555      0.7767836      0.2210575      0.0021522      0.0000068
     6.9995790      0.3783208      0.6098979      0.0117809      0.0000005
     8.0007706      0.0490029      0.9163787      0.0346184      0.0000000
     9.0000238      0.0065741      0.9458612      0.0475647      0.0000000
    10.0001574      0.0000000      0.9560002      0.0439998      0.0000000
    11.0041103      0.0000000      0.9466966      0.0533034      0.0000000
    12.0180521      0.0000000      0.9112914      0.0887086      0.0000000
    13.0336399      0.0000000      0.8556333      0.1443667      0.0000000
    14.0363503      0.0000000      0.8081449      0.1918551      0.0000000
    15.0203142      0.0000000      0.8315235      0.1684765      0.0000000
    16.0057087      0.0000000      0.8767610      0.1232390      0.0000000
    17.0009804      0.0000000      0.9008717      0.0991283      0.0000000
    18.0005093      0.0000000      0.6642997      0.3357004      0.0000000
    18.9988785      0.0000000      0.2741505      0.7258494      0.0000000
    19.9983692      0.0000000      0.0493499      0.9506501      0.0000000
    20.9996605      0.0000000      0.0071448      0.9924074      0.0004478
    22.0000134      0.0000000      0.0000000      0.9984868      0.0015132
    22.9991360      0.0000000      0.0000000      0.9860309      0.0139691
    23.9996815      0.0000000      0.0000000      0.9722033      0.0277967
    24.9998207      0.0000000      0.0000000      0.9381544      0.0618456
    25.9955235      0.0000000      0.0000000      0.9035571      0.0964429
    26.9921474      0.0000000      0.0000000      0.8624765      0.1375236
    27.9872322      0.0000000      0.0000000      0.8273997      0.1726003
    28.9835262      0.0000000      0.0000000      0.8279947      0.1720053
    29.9820499      0.0000000      0.0000000      0.8447956      0.1552044
    30.9868736      0.0000000      0.0000000      0.8568168      0.1431832
    31.9924660      0.0000000      0.0000000      0.8829061      0.1170939
    32.9975433      0.0000000      0.0000000      0.9048836      0.0951163
    33.9981117      0.0000000      0.0000000      0.9280235      0.0719765
    34.9998436      0.0000000      0.0000000      0.9086670      0.0913330
    36.0003662      0.0000000      0.0000000      0.8833944      0.1166055
    36.9997215      0.0000000      0.0000000      0.7846017      0.2153983
    38.0003319      0.0000000      0.0000000      0.6622200      0.3377799
    38.9982567      0.0000000      0.0000000      0.5298900      0.4701100
    40.0032692      0.0000000      0.0000000      0.4046193      0.5953807
    41.0007515      0.0000000      0.0000000      0.2923111      0.7076889
    42.0043564      0.0000000      0.0000000      0.1897434      0.8102567
    43.0006981      0.0000000      0.0000000      0.1179474      0.8820526
    43.9996643      0.0000000      0.0000000      0.0737576      0.9262424
    45.0012398      0.0000000      0.0000000      0.0379635      0.9620364
    46.0085945      0.0000000      0.0000000      0.0243068      0.9756932
    47.0021172      0.0000000      0.0000000      0.0122891      0.9877109
    48.0013046      0.0000000      0.0000000      0.0050489      0.9949512
    48.9969826      0.0000000      0.0000000      0.0026251      0.9973748
    50.0030861      0.0000000      0.0000000      0.0010643      0.9989357
    50.9959564      0.0000000      0.0000000      0.0000000      1.0000000
    51.9991112      0.0000000      0.0000000      0.0000000      1.0000000
    52.9852715      0.0000000      0.0000000      0.0000000      1.0000000
    53.9936752      0.0000000      0.0000000      0.0000000      1.0000000
    54.9924622      0.0000000      0.0000000      0.0000000      1.0000000
    55.9859581      0.0000000      0.0000000      0.0000000      1.0000000
    56.9745979      0.0000000      0.0000000      0.0000000      1.0000000
    57.9699783      0.0000000      0.0000000      0.0000000      1.0000000
    58.9721298      0.0000000      0.0000000      0.0000000      1.0000000
    60.0000000      0.0000000      0.0000000      0.0000000      1.0000000
