     0.0000000      1.0000000      0.0000000      0.0000000      0.0000000
     1.0000447      0.8333333      0.1666667      0.0000000      0.0000000
     1.9999009      0.7023782      0.2976210      0.0000000      0.0000008
     2.9999220      0.6864506      0.3135482      0.0000000      0.0000012
     3.9999893      0.6664734      0.3335168      0.0000000      0.0000097
     4.9998875      0.8054560      0.1943981      0.0001293      0.0000166
     5.9996839      0.7257783      0.2712038      0.0030112      0.0000066
     7.0003777      0.3388388      0.6501922      0.0109676      0.0000014
     8.0007839      0.0282149      0.9362699      0.0355152      0.0000000
     8.9997969      0.0014501      0.9453740      0.0531759      0.0000000
    10.0014944      0.0000000      0.9595883      0.0404117      0.0000000
    11.0042353      0.0000000      0.9486799      0.0513202      0.0000000
    12.0172558      0.0000000      0.9143446      0.0856554      0.0000000
    13.0338259      0.0000000      0.8554587      0.1445413      0.0000000
    14.0344696      0.0000000      0.8023161      0.1976839      0.0000000
    15.0185452      0.0000000      0.8165325      0.1834676      0.0000000
    16.0054169      0.0000000      0.9025196      0.0974803      0.0000000
    17.0008621      0.0000000      0.8615277      0.1384723      0.0000000
    18.0014801      0.0000000      0.6650554      0.3349446      0.0000000
    19.0005093      0.0000000      0.2506189      0.7493810      0.0000000
    19.9999771      0.0000000      0.0378251      0.9619353      0.0002396
    21.0000496      0.0000000      0.0105585      0.9886625      0.0007789
    21.9984722      0.0000000      0.0000187      0.9977016      0.0022797
    23.0002556      0.0000000      0.0000000      0.9851028      0.0148972
    23.9997005      0.0000000      0.0000000      0.9627963      0.0372038
    24.9988537      0.0000000      0.0000000      0.9327055      0.0672945
    25.9962788      0.0000000      0.0000000      0.9039114      0.0960886
    26.9928608      0.0000000      0.0000000      0.8666635      0.1333365
    27.9856491      0.0000000      0.0000000      0.8381378      0.1618622
    28.9826584      0.0000000      0.0000000      0.8288835      0.1711166
    29.9829292      0.0000000      0.0000000      0.8421094      0.1578906
    30.9888000      0.0000000      0.0000000      0.8617892      0.1382108
    31.9905777      0.0000000      0.0000000      0.8782750      0.1217249
    32.9961815      0.0000000      0.0000000      0.8983284      0.1016716
    33.9992905      0.0000000      0.0000000      0.9167446      0.0832554
    35.0040703      0.0000000      0.0000000      0.9162499      0.0837501
    35.9972916      0.0000000      0.0000000      0.8573492      0.1426508
    37.0004807      0.0000000      0.0000000      0.7871158      0.2128843
    37.9995689      0.0000000      0.0000000      0.6624553      0.3375446
    39.0000000      0.0000000      0.0000000      0.5240446      0.4759554
    40.0002632      0.0000000      0.0000000      0.3981901      0.6018098
    40.9984436      0.0000000      0.0000000      0.2795896      0.7204103
    41.9971695      0.0000000      0.0000000      0.1858474      0.8141525
    42.9960823      0.0000000      0.0000000      0.1218568      0.8781432
    44.0000000      0.0000000      0.0000000      0.0672766      0.9327234
    45.0000954      0.0000000      0.0000000      0.0434428      0.9565572
    45.9999962      0.0000000      0.0000000      0.0258417      0.9741583
    47.0012703      0.0000000      0.0000000      0.0136069      0.9863931
    47.9978905      0.0000000      0.0000000      0.0053223      0.9946777
    49.0003853      0.0000000      0.0000000      0.0027591      0.9972410
    49.9978676      0.0000000      0.0000000      0.0005877      0.9994123
    50.9999886      0.0000000      0.0000000      0.0000302      0.9999698
    51.9991074      0.0000000      0.0000000      0.0000000      1.0000000
    52.9974823      0.0000000      0.0000000      0.0000000      1.0000000
    53.9989662      0.0000000      0.0000000      0.0000000      1.0000000
    54.9952698      0.0000000      0.0000000      0.0000000      1.0000000
    55.9847450      0.0000000      0.0000000      0.0000000      1.0000000
    56.9813271      0.0000000      0.0000000      0.0000000      1.0000000
    57.9719543      0.0000000      0.0000000      0.0000000      1.0000000
    58.9775963      0.0000000      0.0000000      0.0000000      1.0000000
    60.0000000      0.0000000      0.0000000      0.0000000      1.0000000
