     0.0000000      1.0000000      0.0000000      0.0000000      0.0000000
     1.0000000      0.8333333      0.1666667      0.0000000      0.0000000
     2.0000000      0.6666667      0.3333333      0.0000000      0.0000000
     3.0000000      0.5000000      0.5000000      0.0000000      0.0000000
     4.0000000      0.9999504      0.0000000      0.0000000      0.0000496
     5.0000000      1.0000000      0.0000000      0.0000000      0.0000000
     6.0000000      0.8000000      0.2000000      0.0000000      0.0000000
     7.0000000      0.0000000      0.9850376      0.0149625      0.0000000
     8.0000000      0.0000000      0.9873430      0.0126570      0.0000000
     9.0000000      0.0000000      0.8901636      0.1098364      0.0000000
    10.0000000      0.0000000      0.9987591      0.0012409      0.0000000
    11.0000000      0.0000000      0.9726238      0.0273762      0.0000000
    12.0000000      0.0000000      0.8737648      0.1262352      0.0000000
    13.0000000      0.0000000      0.9686339      0.0313661      0.0000000
    14.0000000      0.0000000      0.5031453      0.4968547      0.0000000
    15.0000000      0.0000000      0.9986624      0.0013376      0.0000000
    16.0000000      0.0000000      0.9999999      0.0000001      0.0000000
    17.0000000      0.0000000      0.9715610      0.0284391      0.0000000
    18.0000000            NaN            NaN            NaN            NaN
    19.0000000      0.0000000      0.0000000      1.0000000      0.0000000
    20.0000000      0.0000000      0.0000000      1.0000000      0.0000000
    21.0000000      0.0000000      0.0000000      1.0000000      0.0000000
    22.0000000      0.0000000      0.0000000      1.0000000      0.0000000
    23.0000000      0.0000000      0.0000000      1.0000000      0.0000000
    24.0000000      0.0000000      0.0000000      1.0000000      0.0000000
    25.0000000      0.0000000      0.0000000      0.9364580      0.0635420
    26.0000000      0.0000000      0.0000000      0.8991764      0.1008236
    27.0000000      0.0000000      0.0000000      0.7015191      0.2984809
    28.0000000      0.0000000      0.0000000      0.8168098      0.1831902
    29.0000000      0.0000000      0.0000000      0.8692791      0.1307209
    30.0000000      0.0000000      0.0000000      0.8483062      0.1516938
    31.0000000      0.0000000      0.0000000      0.8407053      0.1592947
    32.0000000      0.0000000      0.0000000      1.0000000      0.0000000
    33.0000000      0.0000000      0.0000000      0.7537875      0.2462125
    34.0000000      0.0000000      0.0000000      1.0000000      0.0000000
    35.0000000      0.0000000      0.0000000      1.0000000      0.0000000
    36.0000000      0.0000000      0.0000000      1.0000000      0.0000000
    37.0000000      0.0000000      0.0000000      0.7999526      0.2000475
    38.0000000      0.0000000      0.0000000      0.6666667      0.3333333
    39.0000000      0.0000000      0.0000000      0.4795868      0.5204132
    40.0000000      0.0000000      0.0000000      0.2920119      0.7079881
    41.0000000      0.0000000      0.0000000      0.1834747      0.8165253
    42.0000000      0.0000000      0.0000000      0.0479504      0.9520496
    43.0000000      0.0000000      0.0000000      0.0044772      0.9955228
    44.0000000      0.0000000      0.0000000      0.0988917      0.9011083
    45.0000000      0.0000000      0.0000000      0.0000000      1.0000000
    46.0000000      0.0000000      0.0000000      0.0000000      1.0000000
    47.0000000      0.0000000      0.0000000      0.0000000      1.0000000
    48.0000000      0.0000000      0.0000000      0.0000000      1.0000000
    49.0000000      0.0000000      0.0000000      0.0000000      1.0000000
    50.0000000      0.0000000      0.0000000      0.0000000      1.0000000
    51.0000000      0.0000000      0.0000000      0.0000000      1.0000000
    52.0000000      0.0000000      0.0000000      0.0000000      1.0000000
    53.0000000      0.0000000      0.0000000      0.0000000      1.0000000
    54.0000000      0.0000000      0.0000000      0.0000000      1.0000000
    55.0000000      0.0000000      0.0000000      0.0000000      1.0000000
    56.0000000      0.0000000      0.0000000      0.0000000      1.0000000
    57.0000000      0.0000000      0.0000000      0.0000000      1.0000000
    58.0000000      0.0000000      0.0000000      0.0000000      1.0000000
    59.0000000      0.0000000      0.0000000      0.0000000      1.0000000
    60.0000000      0.0000000      0.0000000      0.0000000      1.0000000
