     0.0000000      1.0000000      0.0000000      0.0000000      0.0000000
     0.9999368      0.8333424      0.1666576      0.0000001      0.0000000
     1.9999577      0.6822989      0.3177010      0.0000001      0.0000000
     3.0003095      0.6640685      0.3359314      0.0000001      0.0000000
     3.9996133      0.5000020      0.4999981      0.0000000      0.0000000
     5.0002074      0.3243710      0.6756032      0.0000258      0.0000000
     5.9999285      0.1262678      0.8728812      0.0008510      0.0000000
     7.0000010      0.0302174      0.9646251      0.0051576      0.0000000
     7.9997754      0.0008776      0.9549131      0.0442093      0.0000000
     8.9994698      0.0000053      0.8374987      0.1624960      0.0000000
    10.0008173      0.0000097      0.6383653      0.3616250      0.0000000
    11.0036383      0.0000056      0.4919134      0.5080806      0.0000003
    12.0180197      0.0000021      0.4181767      0.5818201      0.0000011
    13.0344696      0.0000003      0.4029955      0.5970024      0.0000018
    14.0342627      0.0000002      0.4463710      0.5536268      0.0000020
    15.0176201      0.0000000      0.4817640      0.5182322      0.0000037
    16.0058861      0.0000000      0.4704687      0.5295185      0.0000128
    17.0013943      0.0000000      0.4158737      0.5840776      0.0000487
    17.9977379      0.0000000      0.3359687      0.6638900      0.0001413
    18.9989777      0.0000000      0.2216470      0.7779755      0.0003775
    19.9993801      0.0000000      0.1223380      0.8767803      0.0008818
    21.0002499      0.0000000      0.1092555      0.8815475      0.0091970
    22.0004940      0.0000000      0.0965632      0.8802250      0.0232119
    22.9991226      0.0000000      0.0693307      0.8742822      0.0563871
    23.9994354      0.0000000      0.0455944      0.8700617      0.0843439
    24.9983788      0.0000000      0.0326912      0.8728425      0.0944663
    25.9977169      0.0000000      0.0186705      0.8949614      0.0863680
    26.9914398      0.0000000      0.0058141      0.9127091      0.0814768
    27.9899693      0.0000000      0.0016047      0.9069822      0.0914131
    28.9832439      0.0000000      0.0002121      0.8910114      0.1087766
    29.9835567      0.0000000      0.0001058      0.9020728      0.0978214
    30.9874439      0.0000000      0.0000314      0.9092809      0.0906877
    31.9930496      0.0000000      0.0000167      0.8983647      0.1016185
    32.9973984      0.0000000      0.0000041      0.8418584      0.1581375
    33.9985695      0.0000000      0.0000017      0.7652324      0.2347659
    34.9948502      0.0000000      0.0000000      0.6904753      0.3095247
    36.0000076      0.0000000      0.0000000      0.6218380      0.3781620
    36.9969978      0.0000000      0.0000000      0.5422380      0.4577620
    37.9996262      0.0000000      0.0000000      0.4385304      0.5614696
    38.9997978      0.0000000      0.0000000      0.3462451      0.6537549
    39.9983406      0.0000000      0.0000000      0.2544777      0.7455223
    40.9974403      0.0000000      0.0000000      0.1833117      0.8166884
    41.9947586      0.0000000      0.0000000      0.1378459      0.8621541
    43.0051346      0.0000000      0.0000000      0.0980626      0.9019374
    43.9973526      0.0000000      0.0000000      0.0709433      0.9290567
    44.9989548      0.0000000      0.0000000      0.0470671      0.9529329
    46.0007935      0.0000000      0.0000000      0.0295572      0.9704428
    47.0020790      0.0000000      0.0000000      0.0136130      0.9863870
    47.9978523      0.0000000      0.0000000      0.0054744      0.9945256
    49.0010948      0.0000000      0.0000000      0.0025580      0.9974420
    50.0134468      0.0000000      0.0000000      0.0018397      0.9981603
    51.0090027      0.0000000      0.0000000      0.0000725      0.9999275
    52.0007172      0.0000000      0.0000000      0.0000026      0.9999974
    52.9994469      0.0000000      0.0000000      0.0000009      0.9999991
    53.9982376      0.0000000      0.0000000      0.0000002      0.9999998
    54.9907150      0.0000000      0.0000000      0.0000002      0.9999998
    55.9853020      0.0000000      0.0000000      0.0000000      1.0000000
    56.9782028      0.0000000      0.0000000      0.0000000      1.0000000
    57.9682884      0.0000000      0.0000000      0.0000000      1.0000000
    58.9757309      0.0000000      0.0000000      0.0000000      1.0000000
    60.0000000      0.0000000      0.0000000      0.0000000      1.0000000
